3.02 0 0 0 38.4518 1.08139 0.361098
3.67 43.6694 0.90417 1.13633 0 0 0
4.2 0 0 0 42.3681 1.04855 1.87509
4.74 45.3193 0.853312 2.57684 0 0 0
5.27 0 0 0 41.7012 1.05451 3.37922
5.8 42.7024 0.904321 4.04736 0 0 0
8.55139 0 0 0 41.5636 1.06886 4.6098
11.4 43.9396 0.89858 3.74215 0 0 0
11.96 0 0 0 42.0273 1.07424 3.0975
12.51 46.7859 0.855955 2.34401 0 0 0
13.06 0 0 0 42.6308 1.05834 1.6578
13.62 41.6512 0.961674 0.95553 0 0 0
17.0541 0 0 0 36.1645 1.06297 0.248454
20.75 43.4829 0.908556 1.11537 0 0 0
21.29 0 0 0 41.7008 1.07837 1.82618
21.81 45.9546 0.856996 2.47801 0 0 0
22.36 0 0 0 41.63 1.10378 3.25358
22.9 43.4997 0.911624 3.84515 0 0 0
23.52 0 0 0 45.2394 1.05975 4.55081
24.1326 7.58467 0.755538 4.20831 0 0 0
28.91 0 0 0 37.4424 1.06098 4.63459
29.64 43.2863 0.89922 3.90156 0 0 0
30.22 0 0 0 41.693 1.0713 3.28692
30.78 46.6232 0.876504 2.54015 0 0 0
31.34 0 0 0 41.7137 1.09574 1.91703
31.95 43.6703 0.90452 1.22442 0 0 0
32.53 0 0 0 41.7528 1.06092 0.518217
33.23 38.4504 0.92714 0.113955 0 0 0
37.6584 0 0 0 34.4568 1.09963 0.299879
38.36 43.1004 0.931728 1.07433 0 0 0
38.9086 0 0 0 43.0275 1.08387 1.74623
39.45 46.051 0.855305 2.40919 0 0 0
40.02 0 0 0 41.7762 1.0833 3.20909
40.57 43.0255 0.91416 3.83834 0 0 0
41.27 0 0 0 42.5791 1.06997 4.57985
48.28 36.8331 0.922425 4.35572 0 0 0
48.94 0 0 0 42.6144 1.11828 3.74656
49.45 45.0167 0.884927 2.91304 0 0 0
49.98 0 0 0 44.1192 1.10087 2.28235
50.52 43.9248 0.912995 1.58339 0 0 0
51.09 0 0 0 42.8595 1.06509 0.848169
51.86 35.4863 0.952666 0.254993 0 0 0
56.5287 0 0 0 35.6935 1.09093 0.268144
57.18 42.6273 0.917108 1.02472 0 0 0
57.72 0 0 0 41.7969 1.061 1.72601
58.26 45.7017 0.879799 2.40356 0 0 0
58.8 0 0 0 41.312 1.08077 3.1485
59.36 43.19 0.887356 3.75398 0 0 0
59.94 0 0 0 46.6187 1.05514 4.47672
62.85 37.1671 0.880316 4.56109 0 0 0
65.71 0 0 0 42.1556 1.13084 3.80105
66.24 44.9422 0.882575 2.93277 0 0 0
66.76 0 0 0 42.9475 1.08671 2.25702
67.3 45.087 0.905513 1.56214 0 0 0
67.85 0 0 0 42.5935 1.05223 0.812674
68.51 37.8017 0.931964 0.233778 0 0 0
79.16 0 0 0 35.854 1.10695 0.288087
79.82 43.1793 0.915535 1.16145 0 0 0
80.326 0 0 0 41.4993 1.09994 1.88388
80.83 46.6596 0.861503 2.56901 0 0 0
81.35 0 0 0 40.4758 1.06786 3.40906
81.88 42.5645 0.898186 4.06672 0 0 0
82.55 0 0 0 43.2311 1.06926 4.7769
91.15 37.5338 0.913857 4.34881 0 0 0
91.83 0 0 0 42.4925 1.11263 3.72697
92.36 45.7225 0.869445 2.93842 0 0 0
92.9 0 0 0 43.1513 1.07559 2.26169
93.43 44.3224 0.932069 1.5333 0 0 0
93.97 0 0 0 42.4821 1.06556 0.792083
111.365 36.2094 0.941838 0.308743 0 0 0
130.22 0 0 0 42.7512 1.08952 1.01738
130.7 43.4277 0.896245 1.75624 0 0 0
131.18 0 0 0 42.7128 1.06381 2.44193
131.67 43.2809 0.879846 3.09046 0 0 0
132.21 0 0 0 40.8181 1.09772 3.91814
135.61 37.8821 0.908406 4.44832 0 0 0
138.77 0 0 0 41.1168 1.10716 3.81239
139.29 44.9161 0.897865 3.00196 0 0 0
139.82 0 0 0 43.7648 1.06983 2.30179
140.36 44.0406 0.907523 1.54219 0 0 0
140.9 0 0 0 43.0422 1.06988 0.807005
141.58 38.8899 0.950835 0.205496 0 0 0
149.089 0 0 0 36.9653 1.09763 0.325857
149.76 43.1029 0.909317 1.17283 0 0 0
150.28 0 0 0 41.8551 1.09019 1.93711
150.78 45.9205 0.866921 2.63575 0 0 0
151.29 0 0 0 40.623 1.07303 3.43916
151.82 42.3117 0.923646 4.06096 0 0 0
152.52 0 0 0 41.0142 1.1031 4.73189
158.42 37.5282 0.908221 4.32915 0 0 0
159.06 0 0 0 42.6903 1.12006 3.72041
159.59 45.2604 0.88894 2.9194 0 0 0
160.12 0 0 0 43.6638 1.06231 2.21977
160.66 45.1496 0.8902 1.53188 0 0 0
161.2 0 0 0 42.6338 1.06674 0.777107
161.88 37.5115 0.956099 0.196698 0 0 0
168.968 0 0 0 36.8373 1.06593 0.305266
169.64 43.4138 0.887652 1.11919 0 0 0
170.15 0 0 0 42.1108 1.0738 1.82412
170.67 45.7944 0.859959 2.50392 0 0 0
171.19 0 0 0 41.2443 1.07022 3.26648
171.72 42.7103 0.884043 3.84806 0 0 0
172.42 0 0 0 41.3784 1.07358 4.61399
178.83 38.9908 0.911122 4.33035 0 0 0
179.54 0 0 0 42.0689 1.10651 3.71528
180.09 45.476 0.862632 2.92351 0 0 0
180.64 0 0 0 43.4091 1.08882 2.25812
181.21 45.0547 0.906972 1.57504 0 0 0
181.76 0 0 0 43.1704 1.07499 0.818387
182.47 36.0479 0.927766 0.235663 0 0 0
192.299 0 0 0 36.3646 1.08617 0.273038
193 43.1458 0.911792 1.07014 0 0 0
193.57 0 0 0 42.5586 1.07089 1.80045
194.1 45.4836 0.860854 2.46869 0 0 0
194.63 0 0 0 41.7113 1.07848 3.24343
195.2 42.8853 0.906567 3.86489 0 0 0
195.88 0 0 0 41.0047 1.07491 4.61522
203.1 39.4767 0.917149 4.37108 0 0 0
203.74 0 0 0 41.8603 1.11916 3.76647
204.28 45.2217 0.863196 2.93211 0 0 0
204.82 0 0 0 44.1009 1.07501 2.24332
205.37 44.9638 0.888105 1.51159 0 0 0
205.93 0 0 0 41.9433 1.05238 0.71546
206.58 35.888 0.930011 0.143381 0 0 0
220.57 0 0 0 35.9758 1.08607 0.338349
221.26 43.9889 0.897676 1.13865 0 0 0
221.8 0 0 0 42.5259 1.09964 1.80607
222.33 45.7885 0.867238 2.5119 0 0 0
222.85 0 0 0 40.5486 1.06654 3.27892
223.4 43.3282 0.874522 3.85572 0 0 0
224.07 0 0 0 41.2238 1.0751 4.59925
231.026 35.0552 0.873803 4.29135 0 0 0
232.24 0 0 0 42.0171 1.12288 3.73518
232.78 44.4088 0.880897 2.97365 0 0 0
233.33 0 0 0 43.2604 1.08246 2.2987
233.87 44.1678 0.922539 1.62156 0 0 0
234.43 0 0 0 42.4013 1.07029 0.872354
235.11 38.0209 0.939028 0.288791 0 0 0
250.119 0 0 0 37.2333 1.08697 0.304631
250.8 43.2075 0.913248 1.0524 0 0 0
251.35 0 0 0 41.8818 1.06499 1.79169
251.88 45.8066 0.857179 2.44136 0 0 0
252.41 0 0 0 41.7474 1.08108 3.19132
252.95 43.2542 0.912328 3.83265 0 0 0
253.64 0 0 0 40.538 1.07882 4.58086
261.26 40.0593 0.878825 4.36138 0 0 0
261.9 0 0 0 41.3624 1.11377 3.68333
262.45 46.0788 0.833126 2.77947 0 0 0
262.98 0 0 0 42.4696 1.07042 2.0684
263.49 44.8378 0.850494 1.36349 0 0 0
264.03 0 0 0 40.5431 1.04879 0.574385
264.65 36.0993 0.905412 0.148299 0 0 0
288.23 0 0 0 38.3707 1.06596 0.306255
289.02 43.4096 0.920938 1.08774 0 0 0
289.63 0 0 0 41.8698 1.10046 1.71998
290.22 45.9758 0.858063 2.35658 0 0 0
290.79 0 0 0 41.639 1.07265 3.06988
291.39 41.9077 0.887146 3.69911 0 0 0
291.99 0 0 0 46.9116 1.05983 4.46163
292.74 37.8791 0.881883 4.78048 0 0 0
301.178 0 0 0 37.73 1.06147 4.55323
301.99 43.6713 0.885276 3.80456 0 0 0
302.56 0 0 0 40.6658 1.07545 3.1444
303.13 46.084 0.850326 2.42105 0 0 0
303.73 0 0 0 42.0221 1.08626 1.79756
304.34 44.1901 0.896898 1.14758 0 0 0
304.94 0 0 0 42.3878 1.06154 0.436325
317.53 36.0209 0.931148 0.213152 0 0 0
327.8 0 0 0 42.9914 1.11041 0.862457
328.38 42.919 0.936457 1.59302 0 0 0
328.93 0 0 0 42.9249 1.1067 2.25095
329.5 45.3161 0.888164 2.89914 0 0 0
330.07 0 0 0 40.829 1.07881 3.72504
330.63 42.4759 0.915019 4.28114 0 0 0
331.33 0 0 0 41.2251 1.08253 4.83878
347.97 36.4815 0.943187 4.34613 0 0 0
348.71 0 0 0 41.7724 1.09751 3.81932
349.28 44.3504 0.923388 3.06559 0 0 0
349.84 0 0 0 43.0785 1.07861 2.43109
350.4 44.4806 0.91611 1.80264 0 0 0
350.98 0 0 0 43.0535 1.11645 1.19783
351.57 41.4501 0.971448 0.62422 0 0 0
352.31 0 0 0 41.0633 1.08475 0.0585478
363.73 34.6118 0.934436 0.327123 0 0 0
364.52 0 0 0 43.4174 1.1374 0.886722
365.13 43.1779 0.930102 1.60194 0 0 0
365.71 0 0 0 42.8406 1.10728 2.24942
366.29 44.9848 0.879955 2.90473 0 0 0
366.87 0 0 0 41.3743 1.10555 3.72346
367.47 43.0255 0.902531 4.31293 0 0 0
368.24 0 0 0 42.8342 1.08462 4.83845
374.39 37.1696 0.90935 4.35603 0 0 0
375.11 0 0 0 41.7948 1.11587 3.79469
375.68 44.0591 0.889945 3.03948 0 0 0
376.25 0 0 0 43.321 1.07121 2.30641
376.81 44.2226 0.907736 1.58154 0 0 0
377.37 0 0 0 42.6513 1.06992 0.832709
381.925 36.9194 0.939297 0.281196 0 0 0
386.37 0 0 0 43.2091 1.08833 1.03244
386.91 43.8974 0.92457 1.79907 0 0 0
387.47 0 0 0 42.8582 1.06972 2.5522
388 43.2908 0.909305 3.22434 0 0 0
388.57 0 0 0 43.4668 1.08171 4.00682
393.926 38.6055 0.90393 4.46259 0 0 0
399.75 0 0 0 41.9625 1.116 3.74557
400.28 45.6915 0.883907 2.91496 0 0 0
400.8 0 0 0 43.6354 1.06342 2.2176
401.35 44.9732 0.906078 1.5251 0 0 0
401.94 0 0 0 42.5343 1.07622 0.767055
402.65 38.3691 0.943466 0.169399 0 0 0
408.55 0 0 0 37.5761 1.08567 0.306875
409.24 44.3968 0.90841 1.12375 0 0 0
409.82 0 0 0 42.3729 1.08008 1.83469
410.35 46.078 0.883592 2.54652 0 0 0
410.88 0 0 0 41.3359 1.09073 3.32094
411.46 43.2518 0.8964 3.92409 0 0 0
412.17 0 0 0 40.4324 1.07265 4.68303
417.979 38.2807 0.895727 4.365 0 0 0
418.67 0 0 0 41.4234 1.10958 3.774
419.23 45.4207 0.880334 2.96033 0 0 0
419.79 0 0 0 43.4526 1.07592 2.27625
420.33 44.9909 0.90171 1.56017 0 0 0
420.9 0 0 0 42.4211 1.05588 0.78876
427.586 37.521 0.924809 0.281855 0 0 0
434.13 0 0 0 42.3817 1.10211 1.11493
434.66 43.6033 0.889835 1.85918 0 0 0
435.21 0 0 0 42.4381 1.09311 2.60312
435.77 42.9421 0.902075 3.2758 0 0 0
436.34 0 0 0 44.5394 1.08831 4.08604
437.09 39.5351 0.874278 4.62986 0 0 0
444.76 0 0 0 40.8774 1.09556 4.51971
445.5 43.2411 0.893428 3.72859 0 0 0
446.08 0 0 0 41.312 1.08487 3.0892
446.63 47.1156 0.845544 2.29724 0 0 0
447.19 0 0 0 41.3548 1.08811 1.60756
447.77 41.3917 0.93391 0.952132 0 0 0
448.48 0 0 0 39.1157 1.07369 0.128105
454.3 36.9202 0.92352 0.499148 0 0 0
454.93 0 0 0 41.3786 1.09252 1.13218
455.49 44.0746 0.864211 1.84442 0 0 0
456.05 0 0 0 42.4432 1.06454 2.60466
456.58 42.8246 0.903072 3.32066 0 0 0
457.15 0 0 0 45.8162 1.06769 4.15015
457.84 38.559 0.869826 4.68294 0 0 0
462.12 0 0 0 42.9265 1.08465 4.46615
462.77 44.1558 0.902854 3.60747 0 0 0
463.33 0 0 0 43.3869 1.08616 2.87492
463.86 46.6687 0.855349 2.07949 0 0 0
464.41 0 0 0 42.0408 1.07325 1.35996
464.97 42.069 0.930506 0.729969 0 0 0
465.65 0 0 0 40.1304 1.07414 0.041193
472.12 36.7092 0.915767 0.323157 0 0 0
472.82 0 0 0 43.2663 1.09709 0.968425
473.39 43.963 0.857337 1.69929 0 0 0
473.95 0 0 0 43.3336 1.0858 2.38149
474.51 43.4074 0.895303 3.08225 0 0 0
475.089 0 0 0 41.612 1.11799 3.96907
475.78 36.8292 0.900369 4.52627 0 0 0
480.75 0 0 0 40.3455 1.08883 4.50739
481.39 42.6401 0.882997 3.69015 0 0 0
481.95 0 0 0 41.7291 1.09611 3.06286
482.49 46.4339 0.851235 2.26536 0 0 0
483.04 0 0 0 42.1585 1.07723 1.55198
483.59 41.2217 0.934186 0.892467 0 0 0
486.945 0 0 0 37.2479 1.08802 0.158786
489.88 42.5988 0.920478 1.01983 0 0 0
490.46 0 0 0 41.9734 1.10643 1.64549
491.01 45.8928 0.860381 2.35859 0 0 0
491.57 0 0 0 41.414 1.10069 3.14296
492.13 43.1798 0.916488 3.8307 0 0 0
492.83 0 0 0 40.0616 1.06979 4.62236
496.57 39.9173 0.898637 4.30943 0 0 0
497.2 0 0 0 41.7909 1.11763 3.66373
497.75 47.1101 0.836452 2.77299 0 0 0
498.27 0 0 0 43.882 1.08704 2.0622
498.8 44.8079 0.883788 1.35617 0 0 0
499.35 0 0 0 41.3475 1.07783 0.573385
501.75 37.6786 0.912446 0.267772 0 0 0
504.13 0 0 0 43.0851 1.12114 1.05858
504.68 43.5726 0.926078 1.8703 0 0 0
505.218 0 0 0 43.0877 1.09372 2.58919
505.75 42.9643 0.890908 3.27534 0 0 0
506.34 0 0 0 45.3361 1.08334 4.09853
507.04 38.841 0.902908 4.66066 0 0 0
514.45 0 0 0 42.0932 1.08595 4.47085
515.11 42.9501 0.896819 3.62707 0 0 0
515.68 0 0 0 42.2899 1.09559 2.93693
516.21 46.1601 0.851237 2.16584 0 0 0
516.77 0 0 0 42.0034 1.08723 1.45102
517.35 41.9504 0.916281 0.807366 0 0 0
518.07 0 0 0 40.1764 1.07539 0.0455033
527.64 39.8535 0.914979 0.369486 0 0 0
528.33 0 0 0 42.7545 1.08717 1.1368
528.86 43.7005 0.911892 1.91053 0 0 0
529.389 0 0 0 43.2634 1.08944 2.61
529.92 42.7284 0.891251 3.2915 0 0 0
530.48 0 0 0 43.5191 1.08113 4.07696
534.282 38.2996 0.883975 4.48689 0 0 0
538.03 0 0 0 41.5123 1.10693 3.82189
538.6 44.4754 0.88981 3.01223 0 0 0
539.14 0 0 0 43.1815 1.07903 2.32642
539.7 44.925 0.908281 1.65643 0 0 0
540.27 0 0 0 42.9446 1.08504 0.919328
540.98 37.9139 0.937522 0.327492 0 0 0
555.12 0 0 0 36.6388 1.09822 0.222307
555.74 43.2008 0.914554 1.09307 0 0 0
556.25 0 0 0 41.7513 1.0967 1.80757
556.77 45.7685 0.868223 2.52647 0 0 0
557.308 0 0 0 42.311 1.1034 3.35584
557.86 43.2967 0.919288 4.02828 0 0 0
558.58 0 0 0 42.0168 1.06738 4.7817
564.73 40.334 0.905446 4.29226 0 0 0
565.37 0 0 0 41.3329 1.10095 3.5975
565.89 46.5873 0.846568 2.72744 0 0 0
566.42 0 0 0 42.2153 1.07426 2.02575
566.97 44.7192 0.861488 1.28976 0 0 0
567.51 0 0 0 41.4557 1.06941 0.509748
571.314 37.9952 0.927815 0.342574 0 0 0
574.84 0 0 0 42.832 1.09066 1.2161
575.38 45.6635 0.873815 2.0044 0 0 0
575.91 0 0 0 43.6418 1.07461 2.70603
576.45 42.7841 0.887658 3.37743 0 0 0
577.02 0 0 0 45.6363 1.06952 4.17661
581.5 39.1819 0.883868 4.55425 0 0 0
585.41 0 0 0 42.4195 1.11858 3.86675
585.97 44.1949 0.898989 3.04794 0 0 0
586.53 0 0 0 43.0964 1.08191 2.36659
587.08 45.0261 0.896958 1.66247 0 0 0
587.66 0 0 0 43.0192 1.08349 0.911477
588.38 36.916 0.926229 0.296343 0 0 0
593.95 0 0 0 36.844 1.08305 0.31418
594.57 43.6176 0.907317 1.11766 0 0 0
595.09 0 0 0 41.5566 1.09548 1.87541
595.61 45.9057 0.861946 2.57695 0 0 0
596.146 0 0 0 41.2675 1.09421 3.4035
596.7 43.7689 0.895219 4.06322 0 0 0
597.4 0 0 0 42.9491 1.08708 4.813
601.82 38.1064 0.911733 4.33672 0 0 0
602.45 0 0 0 42.3721 1.11512 3.73307
603.01 46.3658 0.830761 2.88468 0 0 0
603.57 0 0 0 43.1996 1.07676 2.16117
604.09 44.3817 0.895702 1.46778 0 0 0
604.66 0 0 0 42.4626 1.05864 0.708025
605.39 34.1424 0.926269 0.146331 0 0 0
613.35 0 0 0 37.3749 1.08559 0.340014
614.04 43.887 0.8947 1.13504 0 0 0
614.61 0 0 0 41.7868 1.09614 1.87418
615.14 45.9357 0.857006 2.57271 0 0 0
615.718 0 0 0 41.8113 1.11711 3.37095
616.31 42.657 0.900145 4.03247 0 0 0
619.674 0 0 0 42.0471 1.09852 4.64557
622.84 43.1888 0.877699 3.69467 0 0 0
623.39 0 0 0 41.8816 1.0805 3.0142
623.94 47.5748 0.826804 2.25971 0 0 0
624.51 0 0 0 41.1232 1.09171 1.54214
625.1 42.0948 0.928477 0.876661 0 0 0
625.82 0 0 0 39.8647 1.09446 0.11146
639.16 37.416 0.909647 0.393001 0 0 0
639.77 0 0 0 41.6704 1.084 1.10421
640.27 44.1237 0.8879 1.89486 0 0 0
640.77 0 0 0 42.8446 1.07997 2.6472
641.29 42.4956 0.909335 3.38264 0 0 0
641.83 0 0 0 45.6998 1.08804 4.18687
644.973 39.3072 0.870113 4.57581 0 0 0
648.23 0 0 0 41.8456 1.11087 3.86852
648.78 43.4192 0.898529 3.05115 0 0 0
649.32 0 0 0 43.0301 1.08726 2.3445
649.86 44.3123 0.897256 1.63957 0 0 0
650.43 0 0 0 42.77 1.07808 0.874447
654.712 36.9749 0.937349 0.32098 0 0 0
659.28 0 0 0 42.3328 1.11235 1.06189
659.83 43.4641 0.922084 1.81201 0 0 0
660.36 0 0 0 42.967 1.10087 2.51925
660.92 42.8303 0.912649 3.23779 0 0 0
661.49 0 0 0 43.4518 1.07234 4.0616
662.19 37.9758 0.893998 4.5943 0 0 0
667.51 0 0 0 41.7154 1.08311 4.4548
668.2 43.1457 0.880706 3.58957 0 0 0
668.76 0 0 0 43.2968 1.09046 2.8741
669.31 47.0094 0.846936 2.09062 0 0 0
669.88 0 0 0 42.2151 1.08336 1.33622
670.45 41.754 0.927499 0.686609 0 0 0
671.13 0 0 0 40.1592 1.06914 0.0453868
676.52 36.6456 0.924975 0.355213 0 0 0
677.24 0 0 0 42.2095 1.08265 0.967417
677.8 43.4368 0.898847 1.7253 0 0 0
678.36 0 0 0 42.8685 1.06849 2.40744
678.91 43.236 0.909212 3.09344 0 0 0
679.49 0 0 0 41.6348 1.08612 3.89755
680.2 39.4024 0.873699 4.4789 0 0 0
685.69 0 0 0 40.4575 1.07857 4.56478
686.46 43.1846 0.885129 3.72719 0 0 0
687.05 0 0 0 41.6137 1.09391 3.04441
687.6 45.8696 0.866616 2.25849 0 0 0
688.17 0 0 0 41.2116 1.08851 1.5551
688.76 41.3721 0.925005 0.924388 0 0 0
689.49 0 0 0 39.5229 1.077 0.119384
697.34 37.2584 0.897849 0.350534 0 0 0
698.04 0 0 0 42.2036 1.09989 1.01319
698.58 43.5865 0.909536 1.82578 0 0 0
699.129 0 0 0 43.0266 1.09567 2.5409
699.65 42.7844 0.898111 3.25456 0 0 0
700.25 0 0 0 45.6695 1.09287 4.09095
701.02 38.2361 0.88657 4.60078 0 0 0
705.3 0 0 0 42.4482 1.11803 4.52816
706.02 43.0764 0.892647 3.73944 0 0 0
706.57 0 0 0 40.8031 1.09153 3.08208
707.11 46.907 0.843828 2.3267 0 0 0
707.67 0 0 0 41.3169 1.09175 1.61764
708.25 41.6881 0.926739 0.984735 0 0 0
708.93 0 0 0 40.7542 1.07928 0.166818
712.44 38.1324 0.893507 0.302289 0 0 0
713.15 0 0 0 42.1658 1.08616 0.945438
713.7 43.7988 0.8783 1.72322 0 0 0
714.24 0 0 0 42.0673 1.08416 2.4678
714.8 43.1464 0.89239 3.15994 0 0 0
715.39 0 0 0 43.1229 1.08594 3.97617
716.13 38.054 0.873973 4.5351 0 0 0
719.74 0 0 0 41.3954 1.09211 4.5113
720.45 43.6734 0.896857 3.63997 0 0 0
721.02 0 0 0 42.9732 1.09126 2.93021
721.59 47.2392 0.845706 2.16912 0 0 0
722.16 0 0 0 41.3449 1.06751 1.38575
722.7 41.2754 0.945136 0.754253 0 0 0
723.36 0 0 0 39.0815 1.09079 0.0405768
726.34 36.631 0.913003 0.368352 0 0 0
727.02 0 0 0 42.2037 1.09226 0.997911
727.59 44.0407 0.899047 1.76388 0 0 0
728.17 0 0 0 42.4682 1.0731 2.46524
728.75 43.2298 0.918509 3.18448 0 0 0
729.34 0 0 0 43.3448 1.08238 4.00442
730.05 39.6091 0.899625 4.61254 0 0 0
733.8 0 0 0 41.0688 1.07219 4.50157
734.51 42.7733 0.895434 3.62739 0 0 0
735.06 0 0 0 42.097 1.11165 2.98269
735.63 46.4998 0.854505 2.1646 0 0 0
736.19 0 0 0 41.6693 1.07798 1.3678
736.78 41.7042 0.921456 0.722035 0 0 0
737.49 0 0 0 38.4586 1.07997 0.0597344
740.51 36.9781 0.928369 0.426758 0 0 0
741.17 0 0 0 41.5845 1.0852 1.08893
741.71 44.2677 0.895437 1.8452 0 0 0
742.28 0 0 0 42.4197 1.08502 2.54772
742.83 43.4274 0.895382 3.21217 0 0 0
743.43 0 0 0 43.8243 1.11738 3.97939
744.17 38.1023 0.888657 4.5392 0 0 0
748.09 0 0 0 41.5129 1.09556 4.46373
748.87 43.8168 0.877403 3.63068 0 0 0
749.46 0 0 0 42.0109 1.08342 2.94509
750 46.553 0.840648 2.20965 0 0 0
750.6 0 0 0 41.5936 1.09224 1.49264
751.21 41.8116 0.944594 0.82034 0 0 0
751.95 0 0 0 39.5983 1.0754 0.0674774
755.31 37.6712 0.925603 0.251302 0 0 0
756.08 0 0 0 42.9856 1.07888 0.8178
756.64 44.385 0.866065 1.54416 0 0 0
757.24 0 0 0 42.7334 1.10731 2.20384
757.87 46.7481 0.862683 2.83815 0 0 0
758.47 0 0 0 41.9734 1.11759 3.64558
759.07 43.188 0.89338 4.20127 0 0 0
759.84 0 0 0 41.2126 1.06955 4.85528
763.899 39.5122 0.891795 4.37384 0 0 0
764.58 0 0 0 40.5693 1.0695 3.71036
765.13 44.8674 0.85996 2.90587 0 0 0
765.69 0 0 0 43.0907 1.0796 2.20606
766.26 44.6504 0.894706 1.50375 0 0 0
766.84 0 0 0 42.597 1.07152 0.731462
770.384 36.4326 0.920373 0.311158 0 0 0
774.06 0 0 0 41.731 1.11797 1.04882
774.64 43.6785 0.927652 1.81943 0 0 0
775.19 0 0 0 42.7857 1.09361 2.51339
775.75 43.8451 0.911058 3.19014 0 0 0
776.33 0 0 0 43.8077 1.08893 3.99407
777.11 34.6223 0.889164 4.51999 0 0 0
781.21 0 0 0 42.4651 1.0861 4.48909
781.94 42.9183 0.895033 3.64225 0 0 0
782.5 0 0 0 42.3852 1.10686 2.94409
783.07 46.7042 0.829089 2.20179 0 0 0
783.62 0 0 0 40.9828 1.08167 1.48469
784.21 41.295 0.900366 0.879771 0 0 0
784.92 0 0 0 39.7474 1.07139 0.114022
790.88 35.5827 0.921898 0.344591 0 0 0
791.59 0 0 0 43.1655 1.09545 0.921482
792.17 44.3312 0.896914 1.70838 0 0 0
792.74 0 0 0 43.2286 1.08552 2.4005
793.31 44.319 0.905891 3.07657 0 0 0
793.9 0 0 0 42.2816 1.09846 3.88877
797.102 38.0746 0.903772 4.39713 0 0 0
800.06 0 0 0 43.7512 1.17107 3.69793
800.64 47.4301 0.85046 2.78504 0 0 0
801.2 0 0 0 43.5446 1.08721 2.0883
801.78 45.2037 0.86107 1.39736 0 0 0
802.38 0 0 0 42.3206 1.07052 0.601142
803.09 37.2773 0.914396 0.172948 0 0 0
808.79 0 0 0 37.8671 1.09251 0.297508
809.48 44.1599 0.893029 1.1255 0 0 0
810.03 0 0 0 40.9359 1.0805 1.86104
810.56 46.0588 0.858347 2.52374 0 0 0
811.12 0 0 0 41.6272 1.12874 3.28604
811.7 43.5646 0.904822 3.92782 0 0 0
812.43 0 0 0 41.3106 1.08416 4.68688
815.93 38.9994 0.905607 4.24423 0 0 0
816.61 0 0 0 41.9202 1.13626 3.55913
817.16 45.918 0.859029 2.67688 0 0 0
817.72 0 0 0 42.0074 1.08285 1.97011
818.27 44.1761 0.896708 1.2579 0 0 0
818.85 0 0 0 41.4341 1.06795 0.51557
819.54 37.2898 0.902565 0.152164 0 0 0
